      0/59     2.57G    0.1753    0.1538    0.0684        82       640    0.7201   0.08216   0.08024   0.01129    0.0272   0.07202   0.08882   0.02731
      1/59     2.57G    0.1459    0.1453   0.04312        83       640    0.2162    0.1507   0.08966   0.01428   0.03123   0.07205   0.09025    0.0237
      2/59     2.57G    0.1419    0.1479    0.0386        86       640    0.1517    0.1891    0.1068   0.02076   0.03719     0.072   0.08892   0.02254
      3/59     2.58G    0.1363    0.1483   0.03713        77       640    0.1213    0.2259    0.1285   0.03707   0.05323   0.07038    0.1004   0.02311
      4/59     2.58G      0.13     0.147   0.03654        93       640    0.1553    0.2429    0.1513   0.04153   0.06271   0.06462   0.09799   0.02164
      5/59     2.58G    0.1272    0.1498   0.03542        80       640    0.3892    0.1739    0.1618    0.0647   0.07612   0.06304   0.09433   0.02086
      6/59     2.58G    0.1223     0.147   0.03439        26       640    0.3533    0.2097    0.1852   0.07555   0.08811   0.06216   0.09471   0.02061
      7/59     2.58G    0.1204    0.1493   0.03418        67       640     0.344    0.2188    0.1787   0.05722   0.07796   0.06185   0.09319   0.02226
      8/59     2.58G    0.1203     0.148   0.03373       100       640    0.2208    0.2002    0.1704   0.04501    0.0662   0.06297   0.09426   0.01987
      9/59     2.58G    0.1188    0.1476   0.03276        90       640    0.3708    0.2227    0.1934   0.08042    0.0893   0.06111   0.09287   0.01995
     10/59     2.58G    0.1173    0.1485   0.03115        83       640    0.3801    0.2187    0.1966   0.06956   0.09038   0.06112   0.09282   0.01989
     11/59     2.58G    0.1153    0.1454   0.03136        43       640     0.191    0.3277    0.1948   0.07009   0.08819    0.0607   0.09144     0.021
     12/59     2.58G    0.1159    0.1462   0.03073        68       640    0.4093     0.237    0.2205   0.07873    0.1002   0.05924   0.09089   0.01895
     13/59     2.58G     0.115    0.1466   0.03094        75       640    0.4316    0.2292     0.222   0.08711     0.102   0.06014   0.09098    0.0185
     14/59     2.58G    0.1146    0.1465   0.03035        74       640    0.4398    0.2293    0.2242   0.09829     0.109    0.0584   0.09046   0.01847
     15/59     2.58G    0.1139    0.1464      0.03        91       640    0.2254    0.2204    0.1865   0.07481   0.08858   0.06287   0.09694   0.02024
     16/59     2.58G    0.1133    0.1436   0.02992        34       640    0.2951    0.2624    0.2193   0.09651    0.1081    0.0592   0.09415   0.01859
     17/59     2.58G    0.1113    0.1428   0.02913        42       640    0.4723    0.2083    0.2232   0.09551    0.1077   0.05852   0.08989   0.01804
     18/59     2.58G     0.112    0.1423   0.02922        56       640     0.483    0.2146    0.2187   0.09774    0.1092   0.05987   0.09262   0.01856
     19/59     2.58G    0.1116    0.1455   0.02868        41       640    0.3155    0.2912    0.2529    0.1144    0.1247   0.05679   0.08923   0.01755
     20/59     2.58G    0.1107     0.143   0.02772        47       640    0.3292    0.2482     0.218    0.1021    0.1082   0.05823   0.09198   0.01875
     21/59     2.58G    0.1103    0.1448   0.02884        27       640    0.3206    0.2326    0.2173   0.09644     0.108    0.0592   0.09477   0.01816
     22/59     2.58G    0.1097    0.1423   0.02847        72       640    0.3943    0.2862    0.2512    0.1182    0.1271   0.05695   0.08904   0.01737
     23/59     2.58G      0.11    0.1441   0.02805        94       640    0.3552    0.2958    0.2557    0.1167    0.1251    0.0555   0.08719   0.01681
     24/59     2.58G    0.1091    0.1426   0.02752        74       640     0.318    0.2699    0.2326     0.101    0.1128   0.05735   0.09002   0.01733
     25/59     2.58G     0.108    0.1409   0.02714        44       640    0.3929    0.2726    0.2474    0.1057    0.1223   0.05689   0.08903    0.0176
     26/59     2.58G    0.1078    0.1415   0.02746        76       640    0.3989    0.2725    0.2481   0.09755    0.1195    0.0565   0.08798   0.01704
     27/59     2.58G     0.108    0.1403   0.02786         8       640    0.5263    0.2507    0.2474    0.1127    0.1251   0.05661   0.08872   0.01711
     28/59     2.58G    0.1072    0.1406     0.027        96       640    0.5131    0.2662    0.2561    0.1099    0.1268   0.05546   0.08849   0.01701
     29/59     2.58G    0.1053    0.1368   0.02638       130       640    0.4053    0.2991    0.2532      0.12      0.13   0.05544   0.09045   0.01715
     30/59     2.58G    0.1065    0.1391    0.0268        52       640    0.4215    0.2723    0.2648    0.1319    0.1401    0.0556   0.08836   0.01673
     31/59     2.58G    0.1066    0.1398   0.02683        30       640    0.4925    0.2628    0.2577     0.125    0.1342   0.05599   0.08854   0.01683
     32/59     2.58G    0.1049    0.1373   0.02619        62       640    0.3895    0.3062    0.2733    0.1352    0.1416   0.05478   0.08703   0.01629
     33/59     2.58G    0.1058    0.1393    0.0265        99       640    0.4418    0.2993    0.2824    0.1332    0.1439   0.05574   0.08757   0.01639
     34/59     2.58G    0.1049    0.1377   0.02569        80       640    0.3823    0.2845    0.2622    0.1358    0.1401   0.05429   0.08645   0.01647
     35/59     2.58G    0.1039    0.1377   0.02548        95       640    0.4363    0.2764    0.2692    0.1425    0.1425   0.05397   0.08651    0.0168
     36/59     2.58G    0.1046    0.1393   0.02599        59       640     0.435    0.2853    0.2808    0.1412    0.1471   0.05381   0.08547   0.01598
     37/59     2.58G    0.1042    0.1362   0.02622        61       640    0.3995    0.2903    0.2586    0.1329    0.1375   0.05453   0.08811   0.01627
     38/59     2.58G    0.1037    0.1374   0.02546       102       640    0.4453    0.3078    0.2834    0.1382    0.1489   0.05262    0.0849   0.01592
     39/59     2.58G    0.1026    0.1369   0.02532        75       640     0.519    0.2968    0.2908    0.1396    0.1514   0.05257   0.08494   0.01553
     40/59     2.58G    0.1028    0.1363   0.02523        75       640    0.4227    0.2916    0.2815    0.1417     0.146   0.05357   0.08551   0.01597
     41/59     2.58G    0.1023    0.1355   0.02511        56       640    0.4294    0.3208    0.2851    0.1453    0.1523   0.05283   0.08575   0.01566
     42/59     2.58G    0.1011    0.1362   0.02437        88       640    0.4808    0.2981    0.2901    0.1471    0.1533   0.05273    0.0849   0.01533
     43/59     2.58G    0.1019    0.1348   0.02474        37       640    0.4969    0.3192    0.3002    0.1536    0.1597   0.05206    0.0845   0.01562
     44/59     2.58G    0.1007     0.135   0.02461        45       640    0.5343    0.3029    0.2966    0.1495    0.1548    0.0525   0.08498   0.01531
     45/59     2.58G     0.101    0.1351   0.02389        28       640    0.5531    0.2985    0.2885    0.1406    0.1526   0.05258    0.0848   0.01545
     46/59     2.58G    0.1009    0.1341   0.02434        45       640    0.5054    0.3162    0.3094    0.1554    0.1623   0.05181   0.08415   0.01502
     47/59     2.58G    0.1005    0.1364   0.02385        54       640    0.5339    0.3069    0.2968    0.1482    0.1566   0.05188   0.08389   0.01527
     48/59     2.58G   0.09992    0.1343   0.02386        83       640    0.5345    0.2918    0.3045     0.158    0.1633   0.05177   0.08412     0.015
     49/59     2.58G    0.1002    0.1335   0.02404        47       640    0.5173    0.3178    0.3126    0.1624    0.1668   0.05181   0.08417   0.01498
     50/59     2.58G   0.09885    0.1324   0.02356        32       640    0.5613    0.3146    0.3251    0.1686    0.1735   0.05127   0.08356   0.01471
     51/59     2.58G   0.09919    0.1327   0.02344        68       640    0.5359    0.2996     0.302    0.1584    0.1642   0.05142   0.08366   0.01526
     52/59     2.58G   0.09911    0.1338   0.02374        64       640    0.4839    0.3262    0.3096    0.1572    0.1661   0.05118   0.08349   0.01515
     53/59     2.58G   0.09859    0.1318   0.02335       121       640    0.5537    0.2975    0.3035     0.154     0.162   0.05166   0.08355   0.01512
     54/59     2.58G    0.1002    0.1336   0.02359        48       640    0.4596    0.3178    0.3114    0.1654    0.1713   0.05145   0.08374   0.01551
     55/59     2.58G   0.09908    0.1346   0.02322        37       640    0.5155    0.3051    0.3027    0.1551    0.1647   0.05165    0.0836   0.01511
     56/59     2.58G   0.09836     0.133   0.02298        36       640    0.5641    0.2973     0.299    0.1535    0.1616   0.05186   0.08424   0.01528
     57/59     2.58G   0.09839    0.1322    0.0235        56       640    0.5106    0.3248    0.3196    0.1567    0.1695   0.05095   0.08316   0.01481
     58/59     2.58G   0.09832    0.1307   0.02297        88       640    0.5994    0.2979    0.3233    0.1664    0.1736   0.05129   0.08359   0.01477
     59/59     2.58G   0.09816    0.1321   0.02292        50       640    0.5415    0.3146    0.3156     0.167    0.1707   0.05088    0.0834   0.01484
