       0/9     2.57G    0.1768    0.1554   0.06924    0.4015        68       640    0.1067    0.1604   0.06935   0.00713   0.02154   0.07593   0.08874   0.02754
       1/9     2.57G    0.1443    0.1458   0.04235    0.3325        31       640    0.6397    0.1131   0.09538   0.01203   0.03163   0.06982   0.09168   0.02451
       2/9     2.57G    0.1374    0.1449   0.03883    0.3211        17       640    0.7972    0.1182    0.1241   0.02451   0.04815   0.06593   0.09372   0.02268
       3/9     2.57G    0.1303    0.1473   0.03707    0.3146        41       640    0.8145    0.1088    0.1308   0.04055   0.05602    0.0647   0.09158    0.0226
       4/9     2.57G    0.1251    0.1479   0.03535    0.3083         9       640    0.8123     0.117    0.1451    0.0596   0.06844   0.06166   0.09403   0.02151
       5/9     2.57G    0.1214    0.1488   0.03387    0.3041        64       640    0.1786    0.2497    0.1678   0.06779   0.07944   0.06108   0.09124   0.02034
       6/9     2.57G    0.1174    0.1461   0.03332    0.2968        73       640    0.1968    0.2462      0.18     0.083    0.0901   0.05854   0.08932    0.0199
       7/9     2.57G    0.1126    0.1435    0.0325    0.2886        55       640    0.2084    0.2844    0.1876    0.0849    0.0926   0.05807    0.0879   0.01999
       8/9     2.57G    0.1105    0.1442   0.03193    0.2866        35       640    0.1925     0.302    0.1965   0.09423   0.09931   0.05643   0.08985   0.01941
       9/9     2.57G    0.1085    0.1426   0.03123    0.2824        63       640    0.2663    0.2694    0.2061   0.09496    0.1042   0.05546   0.08717   0.01924
