      0/59     1.93G    0.2165    0.2365   0.09712    0.5501        51       640 0.0008872  0.003983 4.656e-05 2.787e-07 7.708e-06    0.1137    0.1284   0.04818
      1/59     1.93G    0.2111    0.2394    0.0844    0.5349        44       640  0.001451  0.004901 0.0001364  5.82e-07  2.15e-05    0.1064    0.1417   0.04399
      2/59     1.93G    0.2059    0.2268   0.07683    0.5095        46       640  0.001348  0.005402 0.0003616 4.648e-07 0.0001078    0.1053    0.1386   0.04301
      3/59     1.93G    0.1999    0.2132   0.07287     0.486        40       640  0.002326   0.02149 0.0003428 1.006e-06  5.62e-05    0.1058    0.1371   0.04209
      4/59     1.93G    0.1951    0.2025   0.06987    0.4675        73       640  0.002962   0.02529 0.0004496 4.901e-06 8.025e-05    0.1013    0.1398   0.04039
      5/59     1.93G    0.1905    0.1947   0.06774    0.4529        73       640  0.002287   0.03229  0.001125 0.0003133 0.0003934    0.1008    0.1423   0.04023
      6/59     1.93G    0.1888    0.1937   0.06718    0.4496        59       640    0.7554  0.002472  0.001053 0.0002089 0.0003208    0.1021    0.1399   0.03982
      7/59     1.93G    0.1864    0.1901   0.06575    0.4422        54       640     0.252    0.0102 0.0004733  8.77e-06 0.0001062    0.1022    0.1431   0.04066
      8/59     1.93G    0.1826    0.1883   0.06384    0.4347        89       640    0.7643   0.00588    0.0025  9.75e-05 0.0006137    0.0986    0.1507   0.03936
      9/59     1.93G    0.1809    0.1838   0.06176    0.4264        51       640  0.005487     0.029  0.001229 4.656e-05 0.0002476    0.1004    0.1422   0.03809
     10/59     1.93G    0.1779     0.185   0.06003    0.4229        56       640   0.01036   0.03854  0.003291 0.0001946 0.0007947    0.0983    0.1394    0.0374
     11/59     1.93G    0.1755    0.1823   0.05846    0.4162        69       640    0.1455   0.04747  0.005759 0.0004312  0.001479   0.09578    0.1345   0.03571
     12/59     1.93G    0.1728    0.1827   0.05718    0.4126        42       640    0.5423   0.01761  0.005071 0.0002918  0.001219   0.09671    0.1423   0.03663
     13/59     1.93G    0.1708     0.181   0.05581    0.4076       107       640    0.1408    0.0336  0.005081 0.0002346  0.001337   0.09825    0.1386   0.03684
