      0/59     1.93G    0.2167    0.2359   0.09742      0.55        51       640   0.00106   0.01559 8.292e-05 2.748e-07  1.25e-05    0.1042    0.1468    0.0459
      1/59     1.93G    0.2113    0.2401   0.08493    0.5364        44       640  0.001121   0.00939  0.000127 8.168e-07 2.091e-05    0.1098    0.1317   0.04505
      2/59     1.93G    0.2066    0.2274   0.07702    0.5111        46       640  0.001246   0.01169 0.0003264 6.392e-06 5.473e-05    0.1076     0.132   0.04299
      3/59     1.93G    0.2006    0.2127   0.07253    0.4858        40       640  0.002115    0.0298  0.000373  1.57e-06 6.227e-05    0.1042    0.1337    0.0411
      4/59     1.93G    0.1956    0.2029   0.06956     0.468        73       640    0.5031  0.006434  0.001132 1.209e-06 0.0003302    0.1021    0.1375   0.04032
      5/59     1.93G    0.1908    0.1951    0.0675    0.4534        73       640    0.2553   0.01365 0.0009173  0.000181 0.0002484    0.1024    0.1387   0.04003
      6/59     1.93G     0.189    0.1933   0.06672     0.449        59       640     0.756  0.007265  0.001585 1.993e-05 0.0003666    0.1012    0.1344   0.03813
      7/59     1.93G    0.1862      0.19   0.06546    0.4416        54       640   0.00406   0.02574 0.0008612 4.452e-06 0.0002641    0.1028    0.1395   0.03877
      8/59     1.93G    0.1818    0.1885   0.06299    0.4333        89       640     0.762  0.007797  0.003303 6.914e-05 0.0007389    0.1006    0.1462   0.03902
      9/59     1.93G    0.1792    0.1844   0.06046    0.4241        51       640  0.008067   0.03384   0.00245  0.000179 0.0005364   0.09982    0.1444   0.03799
     10/59     1.93G    0.1758    0.1852   0.05876    0.4198        56       640    0.7695   0.01108  0.005267  4.12e-05  0.001148   0.09995    0.1227   0.03948
     11/59     1.93G    0.1731    0.1831   0.05743    0.4136        69       640    0.1462   0.05429  0.009619 0.0008559  0.002619   0.09359    0.1342   0.03429
     12/59     1.93G    0.1704    0.1835   0.05611      0.41        42       640   0.01299   0.04288  0.005442 0.0007016  0.001562   0.09642    0.1426   0.03591
     13/59     1.93G    0.1692    0.1812    0.0545    0.4049       107       640    0.5196   0.03119  0.005038 0.0001806  0.001322   0.09701    0.1417   0.03566
     14/59     1.93G    0.1681     0.182   0.05457    0.4047        65       640    0.5349   0.02643  0.008044 0.0008309  0.002188   0.09567    0.1457   0.03562
     15/59     1.93G    0.1666    0.1802   0.05314    0.3999        65       640    0.5368   0.03166  0.008423 0.0004614  0.002273     0.095    0.1427   0.03504
     16/59     1.93G    0.1655    0.1806   0.05257    0.3987        65       640    0.3991   0.05112   0.01241  0.001213  0.003346   0.09275    0.1369   0.03403
     17/59     1.93G    0.1645    0.1817   0.05172    0.3978       102       640    0.5449   0.02798  0.009403  0.000911  0.002602     0.095    0.1454   0.03487
     18/59     1.93G    0.1637    0.1784   0.05181    0.3939        40       640    0.5268   0.04112   0.01287  0.001064  0.003599   0.09267    0.1321   0.03472
     19/59     1.93G    0.1619    0.1761   0.05177    0.3898        41       640    0.5326   0.04608   0.01279  0.000935  0.003294   0.09342    0.1369   0.03392
     20/59     1.93G    0.1613    0.1795   0.05004    0.3909        13       640    0.5402   0.02798   0.01129 0.0006916  0.002832   0.09328    0.1405    0.0337
     21/59     1.93G    0.1599    0.1775   0.04955    0.3869        92       640    0.6706   0.03604   0.02214  0.002527  0.006537   0.08804    0.1325   0.03177
     22/59     1.93G    0.1595    0.1782   0.05032    0.3881        89       640    0.5214   0.02626  0.007689 0.0004538  0.001982   0.09648    0.1507   0.03528
     23/59     1.93G    0.1585    0.1778   0.04887    0.3852        59       640    0.5333   0.04605   0.01406  0.001817  0.004226   0.09146    0.1375   0.03278
     24/59     1.93G    0.1584    0.1755    0.0496    0.3835        41       640    0.5368      0.03   0.01086 9.767e-05  0.002763   0.09511    0.1474   0.03412
     25/59     1.93G    0.1571     0.178   0.04878    0.3838        78       640     0.531   0.04628   0.01557  0.001307  0.004243   0.09144    0.1374   0.03235
     26/59     1.93G    0.1567    0.1748   0.04853      0.38        97       640    0.5355   0.04096   0.01564  0.002545  0.004941   0.09113    0.1444   0.03321
     27/59     1.93G    0.1556     0.174   0.04851     0.378        33       640    0.5399   0.04617   0.01703 0.0009251  0.004577   0.09115     0.137   0.03171
     28/59     1.93G    0.1553    0.1762   0.04741    0.3789        69       640    0.5402   0.05176   0.02124  0.003515  0.006951     0.088    0.1314   0.03176
     29/59     1.93G    0.1543     0.172   0.04784    0.3742        22       640    0.5411   0.04248   0.01737  0.002945  0.005753   0.09095     0.145   0.03303
     30/59     1.93G    0.1537    0.1732   0.04682    0.3737        73       640    0.5433   0.04687   0.01811  0.001886   0.00528    0.0902    0.1325   0.03202
     31/59     1.93G    0.1533    0.1732   0.04723    0.3738        92       640    0.5488   0.03505   0.01549  0.002817  0.005311   0.09064    0.1433   0.03269
     32/59     1.93G    0.1522     0.173   0.04726    0.3725        78       640    0.5407   0.04619   0.01911  0.002752  0.006091   0.09013    0.1315   0.03188
     33/59     1.93G    0.1516    0.1741   0.04659    0.3723        18       640     0.547   0.03179   0.01486  0.002618   0.00513   0.09227    0.1455   0.03325
     34/59     1.93G    0.1518    0.1729   0.04683    0.3715        50       640     0.574   0.03167   0.01644  0.001404  0.005005   0.09253    0.1383   0.03273
     35/59     1.93G    0.1503    0.1742   0.04603    0.3705        52       640    0.5539     0.054   0.02638  0.004476  0.008729   0.08697    0.1279   0.03092
     36/59     1.93G    0.1507    0.1738   0.04706    0.3716        49       640    0.5727   0.02931   0.01519  0.001973  0.004951   0.09216    0.1459   0.03277
     37/59     1.93G    0.1493    0.1723   0.04656    0.3681        43       640    0.5401   0.04979    0.0217  0.003617  0.007376   0.08838    0.1417   0.03182
     38/59     1.93G    0.1491    0.1761   0.04596    0.3712        56       640    0.5402   0.04901   0.02068  0.003363  0.006859   0.08915    0.1349   0.03184
     39/59     1.93G    0.1489    0.1692   0.04563    0.3637        79       640    0.5374   0.08012   0.03206   0.00624   0.01113   0.08366    0.1278   0.03064
     40/59     1.93G    0.1481    0.1714   0.04535    0.3648       100       640    0.5619   0.04512   0.02454  0.004224  0.008156   0.08783    0.1295   0.03119
     41/59     1.93G    0.1468    0.1728   0.04449    0.3641        71       640    0.5446   0.06221   0.02726  0.003719  0.008794   0.08644     0.123    0.0307
     42/59     1.93G    0.1471    0.1707   0.04506    0.3629        80       640    0.5463   0.07144   0.02813  0.004264  0.008981   0.08595    0.1212   0.03016
     43/59     1.93G    0.1473    0.1696   0.04503    0.3619        31       640    0.5507   0.04905   0.02365  0.003958  0.007871   0.08869    0.1289   0.03092
     44/59     1.93G    0.1464    0.1703   0.04496    0.3616        54       640    0.5533    0.0521   0.02496   0.00457  0.008497   0.08746      0.13   0.03068
     45/59     1.93G    0.1465    0.1709   0.04502    0.3624        29       640    0.5551   0.05455   0.02547  0.004642  0.008683   0.08813    0.1314   0.03159
     46/59     1.93G     0.146    0.1689   0.04517    0.3601        41       640    0.5626   0.06409    0.0324   0.00671   0.01132   0.08414    0.1235   0.03004
     47/59     1.93G    0.1454    0.1706   0.04466    0.3606       118       640     0.551   0.05979    0.0308  0.006488   0.01073   0.08434    0.1273   0.03096
     48/59     1.93G    0.1456    0.1722   0.04443    0.3623        64       640    0.5455   0.06927     0.031  0.006449   0.01086   0.08437    0.1291   0.03089
     49/59     1.93G     0.145    0.1696   0.04428    0.3589        49       640    0.5444   0.06194   0.02783  0.006994   0.01022   0.08568    0.1306   0.03108
     50/59     1.93G    0.1448     0.172   0.04421     0.361        44       640    0.5501   0.06456   0.03074  0.006643   0.01117   0.08513     0.127   0.03059
     51/59     1.93G    0.1449    0.1711   0.04474    0.3607        21       640    0.5481   0.05166   0.02376  0.005284  0.008557   0.08736    0.1337    0.0314
     52/59     1.93G    0.1444    0.1703   0.04409    0.3588        54       640    0.5477   0.07379   0.03007  0.005561   0.01034    0.0844     0.123   0.03094
     53/59     1.93G    0.1442    0.1695   0.04394    0.3576        54       640      0.55   0.05474   0.02487  0.004416  0.008543   0.08761    0.1301   0.03094
     54/59     1.93G    0.1437    0.1692   0.04461    0.3575        88       640    0.5529   0.05853   0.03094   0.00681   0.01118   0.08494    0.1264   0.03041
     55/59     1.93G    0.1433    0.1702   0.04415    0.3576        22       640    0.5546   0.06016   0.03193  0.006616   0.01156   0.08565    0.1263    0.0304
     56/59     1.93G    0.1434    0.1682   0.04427    0.3558        17       640     0.548   0.07933   0.03445  0.008167   0.01267   0.08311    0.1204    0.0302
     57/59     1.93G    0.1431      0.17    0.0439     0.357        41       640    0.5503   0.06867   0.03248   0.00681   0.01178   0.08434    0.1195    0.0293
     58/59     1.93G     0.143    0.1677   0.04485    0.3555        39       640    0.5595   0.06166   0.03184  0.006521   0.01127   0.08421    0.1294   0.03023
     59/59     1.93G    0.1425    0.1682   0.04329     0.354        26       640    0.5539   0.07696   0.03541  0.008392   0.01311    0.0828    0.1201   0.02994
