      0/59     1.52G    0.1871    0.1622   0.07741    0.4267        57       640     0.835   0.06342   0.05757  0.008154   0.01863   0.07911   0.08857   0.03136
      1/59     1.52G    0.1506     0.146   0.04821    0.3448        71       640    0.8483   0.08342   0.08958   0.01122   0.03052   0.07132   0.08972   0.02607
      2/59     1.52G    0.1453     0.146   0.04267     0.334       116       640    0.6277    0.1129    0.0999   0.02017   0.03712   0.07084   0.09191   0.02511
      3/59     1.52G    0.1409    0.1516   0.04117    0.3337        31       640    0.1044    0.1825   0.09787   0.01723   0.03502   0.07093   0.09684   0.02538
      4/59     1.52G    0.1338    0.1534   0.03917    0.3263        29       640    0.7838   0.09864   0.09836   0.02985   0.04118   0.06891   0.09999   0.02401
      5/59     1.52G     0.129     0.155   0.03793     0.322        55       640    0.4844    0.1635    0.1164   0.03967   0.05055   0.06754    0.0973    0.0228
      6/59     1.52G    0.1272    0.1541   0.03703    0.3184        48       640    0.7739    0.1106    0.1173    0.0438   0.05311   0.06631    0.1002   0.02374
      7/59     1.52G    0.1244    0.1522   0.03645    0.3131        20       640   0.09702    0.2553    0.1236   0.02995   0.04905   0.06467   0.09929   0.02245
      8/59     1.52G    0.1233    0.1543   0.03654    0.3141        78       640     0.811    0.1207    0.1492   0.04731   0.06395   0.06248    0.0927   0.02177
      9/59     1.52G    0.1208    0.1517   0.03534    0.3078        75       640    0.1783    0.2767    0.1505    0.0599   0.07106   0.06274   0.09389   0.02227
     10/59     1.52G    0.1225    0.1506   0.03567    0.3088        61       640    0.1756    0.2375    0.1479    0.0537   0.06778   0.06307   0.09809   0.02244
     11/59     1.52G    0.1222    0.1498   0.03491    0.3068        47       640    0.2043    0.2582    0.1572   0.06384   0.07412   0.06276   0.09434   0.02152
     12/59     1.52G    0.1203    0.1499   0.03495    0.3052        43       640    0.8273    0.1153    0.1528   0.06234   0.07106   0.06267   0.09227   0.02122
     13/59     1.52G    0.1187    0.1492   0.03385    0.3018        28       640    0.1529     0.282    0.1738   0.06698   0.08005   0.06023   0.09373   0.02093
     14/59     1.52G    0.1165    0.1485   0.03461    0.2996        20       640    0.3163    0.2403    0.1702   0.07225   0.08123   0.05939   0.09214   0.02081
     15/59     1.52G    0.1171    0.1463   0.03366    0.2971        40       640    0.1727    0.3234    0.1843   0.08738   0.09466   0.05892   0.09232   0.02048
     16/59     1.52G    0.1174    0.1459   0.03365    0.2969        67       640    0.3604    0.2227    0.1835   0.07376   0.08532   0.05965   0.09257   0.02045
     17/59     1.52G    0.1159    0.1465   0.03319    0.2956        51       640    0.1832    0.2757    0.1762   0.08178   0.08664   0.05942   0.09627   0.02011
     18/59     1.52G    0.1149    0.1457   0.03209    0.2927        68       640    0.4698    0.1927     0.165   0.06302   0.07598   0.06178   0.09266   0.02004
     19/59     1.52G    0.1154    0.1467   0.03248    0.2946        65       640    0.2053     0.284    0.1976   0.08489   0.09462   0.05933   0.09025    0.0198
     20/59     1.52G    0.1164    0.1459   0.03258    0.2948        36       640    0.2068    0.2396    0.1727   0.07251   0.08302   0.06068    0.0922   0.02188
     21/59     1.52G    0.1153    0.1458   0.03254    0.2936        71       640    0.3097    0.2301    0.1788   0.07251   0.08423   0.05998   0.09175   0.01985
     22/59     1.52G    0.1139    0.1452   0.03176    0.2908        71       640    0.6252    0.2019    0.1984   0.07459    0.0911   0.05797   0.09133   0.01937
     23/59     1.52G     0.114    0.1455   0.03156     0.291        44       640    0.1982    0.2412    0.1807   0.07741   0.08835    0.0602   0.09449   0.02151
     24/59     1.52G    0.1118    0.1445   0.03113    0.2875        68       640    0.5038    0.2157     0.207   0.07471   0.09459    0.0582   0.08986   0.01886
     25/59     1.52G    0.1112    0.1449   0.03133    0.2875        64       640    0.6468    0.1926    0.1965   0.08833   0.09755   0.05902   0.09176   0.01965
     26/59     1.52G    0.1107    0.1443   0.03023    0.2852        50       640    0.2083    0.2679    0.1952   0.08667   0.09551   0.05864   0.09122   0.01955
     27/59     1.52G     0.111    0.1448   0.03065    0.2864        61       640    0.2217    0.2635    0.1914   0.07292   0.09013   0.06024   0.09137   0.01954
     28/59     1.52G    0.1105    0.1441    0.0313    0.2859        42       640    0.4086    0.2378    0.2082   0.08507    0.1011   0.05655   0.08942   0.01936
     29/59     1.52G    0.1109    0.1409   0.03058    0.2823        32       640    0.3039    0.2302    0.2196    0.1059    0.1108   0.05743   0.09002   0.01945
     30/59     1.52G    0.1093    0.1431   0.03005    0.2825        55       640    0.4642    0.2154    0.2073   0.09055    0.1017   0.05632   0.08944   0.01888
     31/59     1.52G    0.1093    0.1437   0.03048    0.2835        30       640    0.2401    0.2873    0.2129    0.0967    0.1089    0.0561   0.08881   0.01923
     32/59     1.52G    0.1091    0.1414   0.03054     0.281        44       640    0.4263    0.2396    0.2139   0.08649    0.1032   0.05717    0.0891   0.01857
     33/59     1.52G     0.109    0.1422   0.03003    0.2812        51       640    0.4965    0.2203    0.2156    0.1014    0.1075   0.05708   0.09459   0.01885
     34/59     1.52G    0.1078    0.1414   0.02964    0.2788        81       640    0.3052    0.2528    0.2215    0.1122    0.1136   0.05547   0.08905   0.01855
     35/59     1.52G    0.1077    0.1425   0.02991    0.2801        68       640    0.3865    0.2846    0.2294    0.1115    0.1165   0.05569   0.08821   0.01852
     36/59     1.52G    0.1077    0.1422   0.02974    0.2796        62       640    0.2962    0.2912    0.2316   0.09795    0.1128   0.05511   0.08849   0.01822
     37/59     1.52G    0.1055     0.141    0.0291    0.2755        71       640    0.2567    0.3107     0.237    0.1142     0.123    0.0543   0.08818   0.01782
     38/59     1.52G    0.1062    0.1422   0.02902    0.2773        68       640    0.3071    0.2632    0.2339    0.1186    0.1231   0.05488   0.08856   0.01808
     39/59     1.52G    0.1065    0.1412   0.02951    0.2772        40       640     0.314    0.2791    0.2331   0.09964    0.1164   0.05529   0.08932   0.01827
     40/59     1.52G    0.1054      0.14   0.02887    0.2743        41       640    0.2803    0.3155    0.2453    0.1234    0.1276   0.05354   0.08684   0.01742
     41/59     1.52G    0.1059    0.1394   0.02866    0.2739        55       640    0.3238    0.2784    0.2494    0.1045    0.1208    0.0539   0.08779   0.01783
     42/59     1.52G    0.1036    0.1398   0.02879    0.2722       112       640    0.3283    0.2783    0.2415    0.1236     0.128   0.05345   0.08686   0.01763
     43/59     1.52G    0.1048    0.1392   0.02809    0.2721        97       640    0.3406    0.2698    0.2367    0.1149    0.1216   0.05526   0.08699   0.01822
     44/59     1.52G    0.1042    0.1393   0.02817    0.2716        97       640    0.2907    0.3041    0.2432    0.1153    0.1241   0.05374   0.08657   0.01725
     45/59     1.52G    0.1038    0.1389   0.02841    0.2711        90       640    0.3183     0.306    0.2529    0.1267    0.1301   0.05336   0.08633   0.01722
     46/59     1.52G    0.1034    0.1389    0.0274    0.2696        93       640    0.3197    0.2876    0.2508    0.1331    0.1354   0.05321   0.08685   0.01772
     47/59     1.52G    0.1028     0.137   0.02767    0.2674        92       640    0.3253    0.2682    0.2425      0.12    0.1263   0.05348   0.08607   0.01754
     48/59     1.52G    0.1028    0.1369    0.0276    0.2674        54       640    0.2963    0.2903    0.2448    0.1251    0.1294   0.05383   0.08679   0.01767
     49/59     1.52G    0.1026    0.1374   0.02758    0.2676        25       640    0.3613    0.2817    0.2427    0.1251     0.127   0.05296   0.08751   0.01776
     50/59     1.52G    0.1019    0.1377    0.0272    0.2668        45       640    0.3371    0.2905    0.2559    0.1375    0.1362   0.05282   0.08558   0.01699
     51/59     1.52G    0.1024    0.1367   0.02678    0.2659        73       640    0.3159    0.2878    0.2474    0.1316    0.1304   0.05347   0.08614   0.01718
     52/59     1.52G    0.1021    0.1376   0.02683    0.2666        64       640    0.3522    0.2754    0.2438    0.1325    0.1325   0.05275   0.08677   0.01761
     53/59     1.52G    0.1012    0.1372   0.02677    0.2652        20       640    0.3453    0.2766    0.2508    0.1234    0.1316   0.05318   0.08561   0.01707
     54/59     1.52G    0.1013     0.137   0.02647    0.2647        64       640    0.3265     0.314    0.2585    0.1352      0.14    0.0524   0.08542   0.01693
     55/59     1.52G    0.1013    0.1354   0.02654    0.2633       112       640    0.4512    0.2864    0.2427    0.1128    0.1242   0.05342    0.0856   0.01701
     56/59     1.52G    0.1023    0.1367   0.02689    0.2659        17       640     0.363    0.2733    0.2532    0.1318    0.1344   0.05308   0.08568   0.01709
     57/59     1.52G    0.1018    0.1346   0.02691    0.2633        45       640    0.4763    0.2743    0.2527    0.1314    0.1346   0.05266   0.08475   0.01708
     58/59     1.52G    0.1009    0.1347   0.02703    0.2626        44       640     0.353    0.2807     0.252    0.1334    0.1356   0.05237   0.08546   0.01711
     59/59     1.52G    0.1013    0.1372   0.02697    0.2655        23       640     0.343    0.3015    0.2617    0.1391    0.1397   0.05178   0.08496   0.01663
