       0/9     2.57G    0.1754    0.1538   0.06844        82       640    0.7226   0.08219   0.08032   0.01193   0.02731   0.07202   0.08871   0.02735
       1/9     2.57G    0.1458    0.1452    0.0431        83       640    0.6125    0.1274   0.09313   0.01406   0.03255    0.0741   0.09063   0.02441
       2/9     2.57G    0.1404    0.1477   0.03853        86       640    0.2003    0.2208    0.1421   0.03908   0.05701   0.06883   0.08981   0.02208
       3/9     2.57G    0.1346    0.1476   0.03696        77       640    0.1752    0.2076    0.1359   0.04717   0.06018   0.06889   0.09775   0.02308
       4/9     2.57G     0.128    0.1451   0.03592        93       640    0.2181    0.2228    0.1601   0.05495   0.06987   0.06507   0.09816   0.02165
       5/9     2.57G    0.1236    0.1475   0.03488        80       640    0.2813    0.2439    0.1789   0.07555   0.08444   0.06257   0.09276   0.02002
       6/9     2.57G    0.1189    0.1443   0.03345        26       640    0.3205    0.2243    0.1879   0.08423   0.09214   0.06007   0.09264   0.01994
       7/9     2.57G    0.1146     0.145   0.03285        67       640    0.2613    0.2249    0.2074   0.09492    0.1026    0.0592   0.08951   0.01955
       8/9     2.57G    0.1116    0.1413   0.03164       100       640    0.3059     0.235     0.211   0.09997    0.1041    0.0573   0.08889   0.01868
       9/9     2.57G    0.1096    0.1402   0.03077        90       640    0.2556     0.274    0.2269    0.1038    0.1126   0.05604   0.08751   0.01809
